n ‘0 μιν. ’,Ιηι η ·
,ι u'n. ⁸ ι a ⁸0 ¹
., «ο. ,Ι ..Η 1,,
ΜηθυοιΙθ2οιημι ,1

hlauts 26,1.
111441141 28,Ιο
11114141 26,1.
hose 43, 3.
1111111411 17,16.
hus 61, 2.

issi 23, 4.
ems 241.

kabel 26,1.
kaus 14,14.
kindins 19,1.
knabe 57, 1.
11144111 57, 1.
114111 19,1.
11111114 19, 1.
11111111 21, 9.

148 48,15.
1415418411 57,1.
141411 56, 3.
lenz 60, 7.
1441184111 51, 2.
lid 54, 2.
1111111184 16, 7.
111114 16, 7.

1114481114 21, 9.
1114111151 51, 2.
1444814111 51, 2.
mann 6,10.
11141111 29, a.
meiden 37,11.
meki 15, 2.
11144 53, 3.

met 54, 2.

emisses.

' 111414 45, 4.

mit 29, 4.
1111441141 42,1.

41141111 49, 9.
ostr 55, 3.

paida 43, 3.

panzer 16, 8.
1141411411 20, 4. Ι
pigo 61, 2.
pluostran' 20, 4. .

reiks 19,1.

44114 15, 2.

saum 43, 3.

4441 13, 5.

sehild 16, 7.
441114414 16, 7.
44141114 41,10.
4518414414 50,13.
simo 82, 6.
41111414 20, 4.
siuja 43, 3.
sklave 57,1.
411111 80, 5.
411484 42,1.
4411111141 60, 7.
stikls 55, 2.
411141 16, 9.
41181511 56, 3.
411111111111118 18, 19.
411411 15, 2.

14111 25, 3. ·
eins 27, 2.

IH.

thaurp 40, 4.
1114811 36, 10.
thing 29, 4.
thiudans 19,1.
thius 57, 1.

tiso 53, 3.
1111114414 36,10.

1411114141 31,15.
141 60, 7.
1111414181 37, 5.
1418 31, 2.
14411484 37, 5.
144111 57,1.
veihs 40, 4.
1111411 51,1.

’ 44114134.

11414 37, 5.
1111118 3³7² δ’
weida 38,1.
14148411 51, 2.
114111 54, 2.

widi 82, 6.
widumo 45, 4.
wimmet 54, 2.
winter 60, 7.
wisi 32, 6.

1484 18, 21.

141141 25, 3.

141114 27, 2.

114841 40, 6.

11141141 40, 7.

14114, 1141114114 20,1.

· 114111411- 411344114814141.

(044844114814141 1111114111 sich nur auf 11411 Κ4111111411141. Eine 0541414111 1111411141 1111411144
Textes 414114 4141411418 S. XVA.)

Abgaben 39, 7, 44114114144, onera Alpes 1144114411 4, 4, 5.
66, 6. 411411411172,2.
Abnoba mons 5, 13,2,Ν41114 5, 8. Anglii 83, Neine 83, 4, Wohnsitze
44111141 90,15. 84, 4.
Aestii 93, 1141114, Ursprung, Wohn- Angrivarii 72, 73, 1141114, Wohn-
sitze 93, 7. 41114 72,2.
4111446. Antiquare, r6misehe 7,13.
Agrippinenses 65, 65, 19. 41411441 63, Wohnsitze 63,13.
Albis flumen 87, Nemo, Ursprung Arsaces 78, 1141114 78, 12.
87, 8. Asciburgium 11, Nemo 11, 10.
Aibruna 23, 23, 9. 4414 6.
4141490, 1141114, Nominativ, Genetiv 4118411 114104111411411 12, 5.
oder Dafiv 90,15. 41181414 Vindelicorum 86, 5.

 

